name: object_detection_env
channels:
- defaults
dependencies:
- certifi=2017.11.5=py36hb8ac631_0
- freetype=2.8=h51f8f2c_1
- icc_rt=2017.0.4=h97af966_0
- intel-openmp=2018.0.0=hd92c6cd_8
- jpeg=9b=hb83a4c4_2
- libpng=1.6.32=h140d38e_4
- libtiff=4.0.9=h0f13578_0
- mkl=2018.0.1=h2108138_4
- numpy=1.13.3=py36ha320f96_0
- olefile=0.44=py36h0a7bdd2_0
- opencv=3.3.1=py36h20b85fd_1
- pillow=4.3.0=py36ha40f157_1
- pip=9.0.1=py36h226ae91_4
- python=3.6.3=h3b118a2_4
- setuptools=36.5.0=py36h65f9e6e_0
- tk=8.6.7=hcb92d03_3
- vc=14=h2379b0c_2
- vs2015_runtime=14.0.25123=hd4c4e62_2
- wheel=0.30.0=py36h6c3ec14_1
- wincertstore=0.2=py36h7fe50ca_0
- zlib=1.2.11=h8395fce_2
- pip:
  - bleach==1.5.0
  - enum34==1.1.6
  - html5lib==0.9999999
  - markdown==2.6.10
  - protobuf==3.5.0.post1
  - six==1.11.0
  - tensorflow==1.4.0
  - tensorflow-tensorboard==0.4.0rc3
  - werkzeug==0.13
